26 0.438488 0.753677 0.106402 0.135879
5 0.630754 0.454405 0.120367 0.150364
5 0.438645 0.753625 0.105973 0.135716
26 0.66398 0.631842 0.0848469 0.110188
26 0.631018 0.454146 0.119954 0.15107
5 0.663931 0.63191 0.0847562 0.109777
26 0.385381 0.457438 0.0627254 0.0790178
5 0.385374 0.457978 0.0565826 0.0777193
26 0.438488 0.753677 0.106402 0.135879
5 0.630754 0.454405 0.120367 0.150364
5 0.438645 0.753625 0.105973 0.135716
26 0.66398 0.631842 0.0848469 0.110188
26 0.631018 0.454146 0.119954 0.15107
5 0.663931 0.63191 0.0847562 0.109777
26 0.385381 0.457438 0.0627254 0.0790178
5 0.385374 0.457978 0.0565826 0.0777193
